0 250000 500000 102362 125000 418414 444444
1 312500 1000000 196850 125000 647685 520833
2 312500 1000000 62992 125000 536108 375000
3 375000 833333 173228 125000 721057 866667
4 250000 750000 62992 125000 557886 222222
5 312500 600000 62992 125000 647685 333333
6 375000 1000000 133858 111111 721057 716667
7 312500 1000000 118110 125000 536108 479167
8 250000 1000000 70866 125000 557886 305556
9 250000 750000 78740 125000 557886 527778
10 375000 1000000 78740 125000 628076 416667
11 312500 1000000 102362 125000 536108 291667
12 312500 600000 110236 125000 536108 333333
13 437500 1000000 133858 125000 703394 305556
14 250000 1000000 62992 125000 557886 250000
15 375000 1000000 110236 125000 628076 266667
16 312500 1000000 86614 125000 536108 312500
17 375000 333333 141732 125000 628076 533333
18 312500 600000 70866 125000 382417 187500
19 312500 600000 70866 125000 382417 187500
20 437500 857143 110236 125000 703394 319444
21 312500 600000 86614 125000 536108 333333
22 312500 800000 94488 125000 536108 583333
23 312500 600000 133858 125000 536108 354167
24 500000 1000000 204724 125000 697357 333333
25 375000 1000000 78740 125000 628076 216667
26 312500 1000000 110236 125000 647685 354167
27 312500 200000 149606 0 647685 583333
28 375000 333333 196850 0 628076 416667
29 375000 333333 165354 0 628076 383333
30 437500 285714 196850 0 623696 361111
31 375000 333333 149606 0 628076 433333
32 437500 142857 55118 0 464300 97222
33 437500 142857 55118 0 464300 97222
34 375000 500000 110236 0 628076 333333
35 437500 285714 110236 0 623696 250000
36 375000 333333 118110 0 721057 366667
37 312500 400000 181102 0 647685 625000
38 312500 600000 149606 0 536108 854167
39 312500 200000 220472 0 536108 583333
40 375000 500000 204724 0 721057 816667
41 312500 400000 181102 0 647685 520833
42 437500 0 204724 0 623696 611111
43 312500 400000 55118 0 647685 145833
44 375000 666667 110236 0 628076 266667
45 312500 200000 118110 0 647685 333333
46 437500 428571 133858 0 703394 444444
47 312500 200000 110236 0 647685 291667
48 250000 250000 110236 0 557886 388889
49 312500 400000 149606 0 536108 395833
50 312500 400000 118110 0 647685 333333
51 312500 400000 118110 0 647685 333333
52 375000 0 118110 0 628076 333333
53 437500 571429 149606 0 703394 263889
54 437500 428571 118110 0 623696 277778
55 437500 142857 149606 0 703394 333333
56 437500 285714 133858 0 703394 347222
57 312500 600000 133858 0 647685 354167
58 312500 400000 118110 0 647685 625000
59 437500 285714 78740 0 464300 138889
60 312500 400000 110236 0 647685 437500
61 312500 800000 133858 0 647685 625000
62 500000 500000 133858 0 697357 488095
63 437500 285714 196850 0 513916 388889
64 437500 142857 110236 0 623696 194444
65 312500 400000 133858 0 536108 354167
66 312500 400000 133858 0 647685 354167
67 437500 0 173228 0 623696 305556
68 500000 250000 94488 0 296036 142857
69 312500 400000 78740 0 647685 208333
70 375000 333333 236220 0 628076 533333
71 375000 500000 94488 0 628076 200000
72 500000 250000 110236 0 697357 250000
73 437500 142857 102362 0 623696 236111
74 312500 400000 165354 0 536108 437500
75 375000 333333 149606 0 628076 366667
76 375000 333333 70866 0 628076 200000
77 375000 166667 86614 0 628076 266667
78 312500 400000 125984 0 536108 333333
79 375000 333333 173228 0 535095 533333
